images/model100.jpg 22,158,144,210,1 777,256,926,303,1 727,539,962,594,1 122,551,224,598,1 438,295,555,348,1 172,276,341,353,2 670,99,804,208,2 790,370,924,479,2 422,542,551,606,2 81,378,235,453,2 73,208,175,333,3 66,41,752,158,3 341,293,443,352,3 233,347,509,437,3 141,449,180,554,3 222,562,430,600,3 552,559,730,603,3 840,475,878,547,3 845,298,874,373,3 727,205,776,297,3
images/model101.jpg 5,8,60,39,0 224,8,279,39,0 127,8,182,39,0 22,55,96,96,1 212,126,286,167,1 121,126,194,167,1 136,56,209,97,1 45,35,69,56,3 96,70,138,88,3 152,94,185,128,3 195,133,215,160,3 150,40,158,57,3 210,36,242,67,3 210,78,270,130,3
images/model102.jpg 131,92,279,164,0 309,18,466,88,0 491,93,639,165,0 73,258,257,362,1 506,259,707,357,1 289,208,487,408,2 255,284,290,324,3 482,295,511,324,3 426,157,543,270,3 358,85,409,218,3 229,157,349,266,3
images/model103.jpg 80,73,173,106,1 80,250,173,282,1 255,167,347,199,1 6,154,86,182,0 3,186,83,215,0 1,319,81,348,0 84,318,164,346,0 170,318,250,346,0 348,89,428,117,0 260,89,340,117,0 178,89,258,117,0 170,1,250,29,0 84,1,164,29,0 1,1,81,29,0 95,150,159,215,2 269,237,333,302,2 41,27,111,76,3 120,26,137,75,3 140,27,213,76,3 108,103,140,151,3 85,164,97,183,3 83,185,99,201,3 112,213,138,254,3 66,283,112,326,3 121,282,136,319,3 145,281,198,323,3 172,250,270,278,3 289,197,312,238,3 230,117,289,171,3 298,118,308,172,3 312,117,380,171,3
images/model104.jpg 14,122,127,181,0 371,326,483,386,0 370,121,482,180,0 22,326,134,386,0 48,452,91,476,0 24,228,129,272,1 398,452,452,477,1 374,228,479,272,1 180,178,322,320,2 61,178,84,231,3 61,268,86,330,3 126,237,182,268,3 318,238,374,266,3 421,267,442,331,3 417,177,437,233,3
images/model105.jpg 60,76,97,97,0 436,99,471,122,0 379,115,416,136,0 390,0,430,11,0 266,28,302,49,0 3,88,40,109,0 192,82,277,145,2 24,112,133,187,1 333,34,442,108,1 126,118,196,144,3 75,94,93,121,3 22,108,53,132,3 245,47,274,95,3 273,82,341,109,3 406,10,419,37,3 431,82,454,103,3 398,92,409,116,3
images/model106.jpg 161,4,272,92,2 0,63,117,149,1 195,116,310,177,0 321,0,414,28,1 110,66,163,91,3 227,90,249,127,3 270,5,327,28,3
images/model107.jpg 1,91,80,119,0 348,319,428,348,0 265,318,345,347,0 179,319,259,348,0 343,185,423,214,0 343,149,423,182,0 347,1,427,29,0 261,1,341,29,0 175,1,255,29,0 169,89,249,117,0 88,89,168,117,0 96,233,160,301,2 269,150,334,214,2 254,75,349,104,1 254,252,350,281,1 80,168,176,197,1 51,116,119,171,3 119,117,135,170,3 142,117,195,172,3 123,199,137,235,3 160,251,256,276,3 296,212,317,252,3 298,104,317,153,3 218,26,287,74,3 296,27,308,74,3 318,26,388,74,3 331,164,347,182,3 333,185,344,200,3 239,283,287,322,3 298,283,313,320,3 320,280,366,322,3
images/model108.jpg 12,11,175,100,2 248,280,411,369,2 11,157,179,251,1 243,156,411,250,1 244,9,412,103,1 82,94,107,159,3 172,40,246,72,3 318,246,343,287,3 83,246,248,346,3
images/model109.jpg 48,44,162,124,0 541,20,655,99,0 362,12,476,92,0 48,122,162,201,0 168,108,303,173,1 526,107,661,173,1 346,94,482,189,2 145,100,166,120,3 155,145,168,169,3 298,124,350,156,3 480,122,529,159,3 403,85,428,101,3 588,91,613,116,3
images/model110.jpg 10,8,110,84,1 159,178,258,254,1 310,8,410,84,1 142,67,277,143,2 53,83,142,112,3 278,83,364,110,3 203,137,219,179,3
images/model111.jpg 0,121,124,187,1 518,118,642,185,1 219,121,343,187,1 119,222,222,284,2 381,121,484,183,2 56,183,121,258,3 221,183,291,257,3 344,130,382,161,3 482,128,523,162,3
images/model112.jpg 25,1,176,55,1 444,67,575,133,1 243,27,352,90,2 1,74,108,140,0 135,103,240,151,0 504,163,579,192,0 360,144,453,184,0 69,36,90,87,3 161,51,198,108,3 171,14,244,54,3 352,50,447,98,3 423,111,468,156,3 542,130,561,167,3
images/model113.jpg 162,4,279,52,0 6,132,134,178,1 346,64,463,134,1 181,86,298,176,2 125,138,186,159,3 222,48,238,87,3 295,104,352,125,3
images/model114.jpg 13,62,152,134,1 416,0,571,57,1 238,24,349,93,2 135,141,234,187,0 479,77,592,145,0 348,100,459,157,0 10,154,85,191,0 149,55,242,92,3 31,129,54,163,3 126,112,167,149,3 348,19,419,51,3 397,56,430,105,3 500,44,529,84,3
images/model115.jpg 160,13,259,89,1 310,182,410,258,1 9,182,109,258,1 140,127,277,203,2 56,159,141,184,3 206,87,215,129,3 278,159,367,182,3
images/model116.jpg 19,39,93,62,1 148,108,221,131,1 275,39,348,62,1 2,69,54,100,0 315,0,386,33,0 217,148,288,191,0 100,139,172,180,0 131,30,240,75,2 247,89,369,152,2 31,61,46,72,3 93,37,133,56,3 139,130,174,141,3 221,106,249,125,3 266,137,288,150,3 301,62,323,91,3 238,37,278,56,3 336,32,349,41,3
images/model117.jpg 75,203,155,243,0 723,159,803,200,0 604,139,684,179,0 698,332,778,372,0 700,411,780,451,0 510,369,590,409,0 227,323,322,366,0 111,295,191,335,0 280,225,360,265,0 169,201,249,241,0 372,306,495,350,2 593,261,733,307,2 178,260,278,313,1 591,345,691,398,1 628,188,726,237,1 127,236,182,268,3 206,238,233,273,3 167,295,204,308,3 245,304,269,326,3 260,258,315,284,3 274,286,375,323,3 494,332,594,369,3 579,371,600,390,3 690,384,733,412,3 687,354,728,376,3 644,303,665,359,3 664,225,680,268,3 643,173,666,195,3 719,188,745,211,3
images/model118.jpg 1052,3,2052,734,1 4090,1175,5091,1941,1 3568,279,4804,962,0 3092,1575,4503,2234,0 2068,1603,3334,2234,0 1278,851,2570,1545,0 4900,823,6017,1487,0 2094,0,3156,296,0 1769,12,2177,244,3 1958,497,2482,844,3 2417,1044,2813,1271,3 2762,1200,2977,1756,3 3125,1232,3385,1616,3 3669,1188,4189,1564,3 4313,904,4525,1288,3 4797,1213,5205,1440,3
images/model119.jpg 37,1,110,36,1 283,62,355,111,1 142,96,218,135,1 12,26,63,59,0 330,40,400,77,0 198,158,269,197,0 87,117,156,162,0 144,26,251,71,2 240,115,355,176,2 45,22,60,31,3 108,13,146,38,3 132,118,164,127,3 215,112,243,135,3 249,156,276,171,3 306,89,326,120,3 346,70,360,79,3 248,55,288,74,3
images/model120.jpg 28,95,212,147,0 760,78,829,131,0 854,308,1015,354,0 6,318,214,365,0 264,28,441,75,0 102,181,260,239,1 744,184,864,242,1 415,141,573,267,2 259,184,415,230,3 151,139,193,190,3 117,238,188,326,3 571,186,750,230,3 790,123,811,192,3 810,238,941,314,3 394,69,465,174,3
images/model121.jpg 34,5,126,53,0 694,230,804,280,0 365,231,457,279,0 34,231,127,279,0 696,5,788,53,0 365,5,457,53,0 186,97,307,188,2 517,98,638,189,2 2,91,159,203,1 664,91,821,203,1 333,91,490,203,1 73,200,90,233,3 156,127,189,153,3 303,129,336,151,3 76,52,93,97,3 407,51,418,97,3 404,198,420,233,3 489,128,521,153,3 636,131,668,153,3 738,51,751,101,3 737,200,749,233,3
images/model122.jpg 129,1,219,39,1 130,192,248,239,1 112,62,249,144,2 76,146,150,186,0 209,134,279,174,0 5,177,94,220,0 92,195,131,207,3 118,183,156,204,3 171,143,192,199,3 214,172,251,196,3 168,34,189,65,3
images/model123.jpg 10,8,110,84,1 160,178,259,254,1 310,8,410,84,1 141,67,278,143,2 55,83,142,110,3 278,83,364,110,3 206,139,220,181,3
images/model124.jpg 29,90,158,147,0 688,413,800,465,0 690,365,803,415,0 186,450,299,504,0 39,472,152,521,0 38,429,149,478,0 43,375,154,427,0 39,331,152,382,0 45,152,158,195,0 681,193,794,244,0 684,144,797,199,0 684,96,802,153,0 681,50,799,105,0 424,16,543,70,0 299,14,423,71,0 187,233,298,332,2 369,362,480,462,2 368,94,479,194,2 188,391,301,441,1 551,396,658,442,1 546,125,659,175,1 191,126,298,176,1 157,352,191,429,3 156,395,192,427,3 152,413,188,467,3 153,411,185,510,3 234,437,253,460,3 206,328,258,394,3 207,171,263,237,3 296,132,376,175,3 160,116,192,159,3 160,147,192,183,3 298,395,374,440,3 472,399,552,442,3 659,387,693,428,3 662,410,697,447,3 474,136,550,175,3 351,65,429,99,3 419,62,493,99,3 656,70,682,154,3 659,117,683,160,3 657,140,687,178,3 656,142,684,226,3
images/model125.jpg 20,34,149,77,1 433,36,578,84,1 248,27,359,90,2 0,111,73,145,0 472,128,587,191,0 342,125,449,170,0 124,122,217,153,0 28,75,45,112,3 121,76,160,125,3 149,34,248,68,3 358,31,433,70,3 395,81,436,130,3 509,82,524,131,3
images/model126.jpg 49,49,113,89,0 526,301,591,340,0 416,328,480,367,0 290,309,355,348,0 548,151,612,190,0 283,150,348,190,0 550,50,614,89,0 401,232,494,288,1 170,41,263,97,1 401,41,494,97,1 401,143,489,198,2 298,39,363,103,2 112,62,172,78,3 261,58,297,81,3 361,60,404,79,3 495,60,553,81,3 440,97,459,148,3 347,159,405,180,3 490,161,548,181,3 444,196,459,235,3 492,259,559,303,3 441,290,454,330,3 320,260,406,311,3
images/model127.jpg 2130,0,3446,562,0 1820,1914,3050,2232,0 3159,43,4604,678,0 4860,1045,6017,1626,0 3480,1435,4780,2026,0 1280,614,2597,1219,0 4130,487,5114,1194,1 998,1352,1982,2059,1 2428,970,3710,1621,2 1906,1332,2453,1639,3 1666,1869,2069,2120,3 1146,1968,1396,2232,3 2402,933,2814,1168,3 2778,472,3085,1012,3 3150,653,3437,1013,3 3690,836,4214,1148,3 4281,1120,4536,1480,3 4801,1001,5209,1260,3
images/model128.jpg 9,152,132,192,0 625,449,748,489,0 482,454,605,494,0 637,150,760,190,0 495,152,618,192,0 151,149,274,189,0 59,211,234,255,1 538,379,713,423,1 542,211,717,256,1 284,181,481,293,2 284,345,481,457,2 75,188,141,220,3 150,187,215,218,3 227,225,288,248,3 225,239,287,405,3 477,224,543,249,3 560,189,623,214,3 633,187,696,220,3 479,392,539,415,3 546,421,622,452,3 625,420,684,454,3
images/model129.jpg 2,92,160,202,1 664,93,822,203,1 333,93,491,203,1 185,98,308,187,2 517,95,640,185,2 34,6,126,56,0 698,230,808,280,0 365,230,457,280,0 34,230,126,280,0 696,3,788,53,0 365,5,457,55,0 156,127,189,152,3 74,52,89,95,3 76,201,87,231,3 303,127,335,151,3 404,199,421,232,3 407,51,419,96,3 490,127,522,152,3 634,132,668,150,3 737,201,753,234,3 735,52,752,96,3
images/model130.jpg 1,149,115,216,0 386,293,500,360,0 43,351,157,418,0 350,88,463,155,0 178,178,318,320,2 24,249,136,310,1 366,187,478,248,1 90,479,134,500,0 268,435,322,487,2 429,412,493,451,1 53,207,82,262,3 126,251,183,282,3 315,217,372,250,3 401,146,429,203,3 419,234,451,295,3 68,299,96,360,3
images/model131.jpg 82,173,236,245,2 675,424,802,532,2 792,152,926,265,2 176,271,342,348,2 428,21,555,84,2 20,413,140,468,1 727,36,961,89,1 122,30,224,75,1 777,327,926,376,1 437,278,557,333,1 221,36,431,67,3 140,67,166,178,3 231,200,503,282,3 339,294,442,330,3 73,302,176,420,3 68,464,744,591,3 727,340,780,421,3 844,255,873,336,3 846,84,868,159,3 551,41,727,70,3
images/model132.jpg 1,1,72,39,0 402,0,527,37,0 277,1,364,37,0 101,0,251,37,0 60,82,147,124,1 424,86,510,128,1 213,61,350,145,2 50,36,92,85,3 130,37,180,86,3 146,96,218,114,3 347,93,423,116,3 321,36,430,91,3 458,36,474,91,3
images/model133.jpg 51,22,89,47,0 23,112,132,168,0 369,310,481,377,0 15,318,125,375,0 371,110,483,171,0 235,8,285,58,2 177,179,319,320,2 397,23,453,46,1 23,230,128,270,1 374,231,479,271,1 53,168,83,231,3 64,266,82,320,3 125,243,182,259,3 316,239,373,259,3 420,265,436,321,3 420,169,433,233,3
images/model134.jpg 122,200,240,240,1 137,1,225,39,1 1,174,90,213,0 74,144,147,183,0 206,140,279,179,0 112,65,250,147,2 87,190,127,207,3 111,183,151,203,3 171,145,190,201,3 211,180,245,205,3 171,36,191,66,3
images/model135.jpg 31,73,138,116,0 532,38,640,81,0 679,21,786,65,0 680,65,788,108,0 675,115,783,159,0 675,160,783,203,0 666,394,792,446,0 668,345,775,389,0 403,467,521,517,0 282,467,397,513,0 28,430,141,478,0 31,384,138,428,0 34,338,142,382,0 37,290,144,334,0 28,119,136,162,0 173,94,277,140,1 528,365,632,411,1 172,363,275,411,1 533,101,637,147,1 350,72,457,174,2 532,206,639,308,2 350,342,457,444,2 136,93,172,123,3 136,112,175,142,3 276,98,355,136,3 454,100,537,135,3 577,78,596,103,3 640,35,682,125,3 639,83,680,135,3 641,115,681,147,3 638,115,675,192,3 570,143,598,211,3 576,301,621,370,3 632,364,667,398,3 632,386,667,427,3 452,366,532,400,3 277,363,352,400,3 337,440,409,471,3 396,441,471,471,3 142,311,174,394,3 137,350,172,394,3 138,382,173,417,3 139,380,170,464,3
images/model136.jpg 1,38,76,81,0 466,1,589,64,0 339,14,452,66,0 122,30,223,72,0 16,110,153,161,1 427,100,582,160,1 248,96,359,165,2 27,78,48,118,3 123,66,160,112,3 151,119,248,162,3 353,120,430,160,3 394,60,435,111,3 506,58,523,110,3
images/model137.jpg 17,40,152,91,1 425,19,578,82,1 247,25,352,91,2 1,118,74,161,0 472,113,593,182,0 336,116,457,173,0 125,121,224,167,0 24,89,47,121,3 123,84,166,127,3 152,38,251,75,3 349,30,426,65,3 394,74,429,120,3 504,76,527,122,3
images/model138.jpg 10,5,117,87,1 162,175,269,257,1 313,4,420,86,1 148,62,285,142,2 55,83,147,112,3 283,82,375,113,3 207,135,226,181,3
images/model139.jpg 12,92,169,202,1 674,93,831,203,1 342,92,499,202,1 44,5,137,53,0 705,231,798,279,0 371,231,464,279,0 26,229,136,279,0 705,5,798,53,0 375,6,468,54,0 194,98,315,187,2 525,95,646,185,2 77,49,99,96,3 83,199,99,230,3 166,128,196,153,3 310,125,343,154,3 409,201,430,232,3 413,54,431,97,3 498,122,530,157,3 644,126,676,155,3 745,201,762,231,3 744,51,763,96,3
images/model140.jpg 9,12,85,58,1 16,134,91,181,1 175,0,251,46,1 35,85,67,104,2 151,141,183,160,2 109,22,142,39,2 35,58,52,87,3 38,102,79,138,3 90,136,153,160,3 184,44,227,150,3 143,11,180,43,3 81,17,110,39,3
images/model141.jpg 31,98,210,145,0 857,310,1015,351,0 761,81,826,126,0 268,29,442,74,0 9,319,209,363,0 103,186,259,243,1 748,185,861,239,1 413,143,571,264,2 259,172,415,231,3 152,139,185,190,3 120,236,185,328,3 396,69,463,173,3 571,180,750,226,3 785,123,809,188,3 801,234,936,314,3
images/model142.jpg 9,36,47,57,0 366,156,404,177,0 424,156,462,177,0 406,37,444,58,0 278,43,316,64,0 66,34,104,55,0 20,82,119,133,1 339,85,437,136,1 184,81,273,144,2 26,55,50,82,3 77,55,91,82,3 116,99,188,117,3 244,58,284,97,3 270,101,338,119,3 420,58,431,85,3 388,135,399,158,3 425,136,447,157,3
images/model143.jpg 11,127,115,184,0 725,101,817,157,0 407,6,499,62,0 342,223,434,278,0 203,50,320,140,2 11,1,187,125,1 650,170,824,290,1 330,76,505,222,1 522,148,638,234,2 66,102,93,138,3 175,60,208,82,3 315,105,347,127,3 388,198,411,233,3 493,150,529,181,3 430,57,451,101,3 636,189,670,225,3 747,148,770,197,3
images/model144.jpg 15,10,127,41,0 424,8,504,39,0 152,52,264,83,0 126,8,219,39,0 8,52,101,83,0 274,10,403,41,0 81,90,177,121,1 365,91,438,122,1 237,55,342,160,2 86,78,128,94,3 100,37,131,95,3 128,37,160,93,3 131,78,178,94,3 177,103,240,116,3 342,103,366,116,3 369,37,401,94,3 403,32,435,90,3
images/model145.jpg 78,73,170,103,1 255,168,346,197,1 80,251,173,290,1 7,152,86,185,0 170,318,250,347,0 88,318,167,347,0 2,317,81,349,0 4,181,83,215,0 349,86,428,119,0 261,89,341,122,0 180,86,259,119,0 173,1,253,28,0 85,1,164,31,0 2,1,82,28,0 94,152,160,216,2 268,235,333,299,2 42,25,112,76,3 117,27,133,77,3 144,25,213,78,3 109,102,136,151,3 85,164,99,185,3 83,182,99,207,3 113,213,134,253,3 64,282,111,324,3 121,283,133,319,3 143,281,191,323,3 172,251,270,278,3 291,196,310,238,3 234,115,292,169,3 294,120,308,169,3 313,117,378,167,3
images/model146.jpg 40,211,121,246,0 691,292,772,326,0 599,309,682,344,0 487,311,568,345,0 188,458,269,493,0 67,459,148,497,0 639,206,722,240,0 501,203,598,238,0 233,214,314,249,0 57,286,138,320,0 136,252,236,284,1 134,413,232,445,1 562,252,660,284,1 115,333,256,380,2 337,245,460,292,2 96,240,139,268,3 99,278,145,295,3 171,281,200,337,3 173,375,197,418,3 119,444,149,467,3 198,442,224,461,3 235,259,341,278,3 225,241,251,257,3 459,258,566,275,3 563,233,590,250,3 633,237,666,253,3 531,281,584,313,3 609,281,644,313,3 657,277,715,296,3
images/model147.jpg 133,161,217,201,1 535,169,619,209,1 307,146,426,226,2 429,20,541,65,0 55,288,167,333,0 182,287,294,331,0 429,288,541,333,0 573,288,685,333,0 555,18,667,63,0 115,199,154,291,3 186,198,235,290,3 214,178,311,199,3 421,174,540,198,3 487,63,571,176,3 595,62,624,178,3 483,204,562,296,3 592,206,641,291,3
images/model148.jpg 65,173,147,209,1 469,164,551,200,1 257,145,376,225,2 16,20,128,64,0 516,289,628,333,0 391,289,503,333,0 142,290,254,334,0 1,289,111,333,0 141,20,253,64,0 63,60,92,173,3 120,62,199,175,3 43,206,92,291,3 122,207,206,294,3 148,174,260,206,3 373,173,472,201,3 449,197,498,293,3 524,197,573,289,3
images/model149.jpg 7,56,95,110,1 191,118,279,172,1 350,1,438,53,1 178,24,267,82,2 89,33,177,78,3 267,1,354,48,3 187,81,246,126,3
images/model150.jpg 10,105,96,152,1 359,105,445,152,1 182,11,268,58,1 184,98,276,158,2 95,118,185,167,3 187,56,238,101,3 272,122,361,167,3
images/model151.jpg 83,57,156,95,1 98,127,171,165,1 6,127,80,165,1 197,55,271,96,1 15,7,71,42,0 230,6,286,41,0 111,7,166,42,0 24,76,83,128,3 54,35,83,63,3 118,95,143,127,3 158,67,199,88,3 137,39,144,56,3 230,37,248,58,3 80,133,99,161,3
images/model152.jpg 4,0,79,21,1 199,110,259,133,1 191,10,266,33,1 19,110,64,133,1 1,39,82,88,2 95,92,188,151,2 245,131,299,163,2 197,55,261,94,2 38,21,46,40,3 37,88,46,111,3 62,116,95,126,3 190,116,201,128,3 225,94,234,110,3 227,133,245,152,3 258,119,275,132,3 225,35,234,58,3
images/model153.jpg 16,105,161,156,1 441,110,570,155,1 4,2,117,62,0 515,42,592,82,0 371,33,468,67,0 141,18,248,61,0 234,100,349,163,2 70,58,83,106,3 156,61,199,113,3 159,124,236,158,3 343,126,444,158,3 431,66,470,114,3 545,80,562,117,3
images/model154.jpg 73,66,178,115,0 719,207,771,242,0 731,247,771,287,0 655,294,746,338,0 551,335,631,377,0 336,424,398,445,0 81,416,172,448,0 89,357,168,401,0 22,227,84,264,0 0,165,86,212,0 1,122,78,169,0 622,10,686,49,0 284,56,376,125,2 411,307,506,363,2 149,251,255,321,2 180,368,320,445,1 564,228,704,314,1 446,0,589,68,1 88,105,230,190,1 227,102,286,136,3 374,45,452,80,3 586,16,628,36,3 132,105,157,133,3 66,133,107,149,3 86,167,97,180,3 69,188,117,232,3 160,170,205,253,3 207,318,245,393,3 161,380,200,407,3 168,410,181,431,3 299,413,338,443,3 254,428,268,448,3 314,348,415,392,3 505,295,572,323,3 593,304,613,339,3 673,279,695,307,3 702,264,737,276,3 699,231,720,254,3
images/model155.jpg 30,4,102,73,2 124,18,210,63,1 16,106,118,173,1 141,142,235,181,0 61,73,71,108,3 118,141,146,158,3 99,36,126,45,3
images/model156.jpg 12,13,175,97,2 247,284,410,368,2 8,136,178,225,1 8,282,178,371,1 246,135,416,224,1 171,43,337,138,3 81,93,107,142,3 311,223,341,288,3 175,312,251,340,3
images/model157.jpg 40,200,121,232,0 643,214,724,249,0 505,206,600,244,0 690,301,773,336,0 601,316,681,351,0 484,312,568,347,0 182,455,263,487,0 59,445,140,491,0 233,212,314,244,0 57,278,138,310,0 138,242,239,280,1 126,406,227,444,1 559,255,660,293,1 113,323,251,375,2 339,242,459,295,2 90,232,139,257,3 171,277,194,329,3 170,366,194,406,3 124,440,142,454,3 196,439,220,455,3 243,255,340,277,3 237,238,249,252,3 104,265,137,281,3 456,258,562,289,3 563,238,592,260,3 529,287,575,315,3 609,287,638,319,3 661,281,705,303,3 634,242,661,259,3
images/model158.jpg 15,31,102,79,1 376,3,466,51,1 178,3,311,84,2 4,124,133,147,0 169,110,257,147,0 458,86,529,123,0 278,96,428,136,0 104,41,180,57,3 103,66,215,115,3 57,72,81,126,3 306,20,380,42,3 355,47,401,98,3 433,46,482,91,3
images/model159.jpg 23,50,97,95,1 210,128,284,172,1 119,127,192,171,1 138,54,211,98,1 8,3,63,37,0 227,10,282,44,0 130,7,185,41,0 50,32,66,53,3 97,66,137,87,3 151,40,159,57,3 212,41,242,69,3 211,82,270,134,3 152,96,179,128,3 192,132,212,162,3
images/model160.jpg 37,76,159,125,0 429,481,546,512,0 644,220,766,269,0 509,190,631,239,0 177,102,299,156,0 291,176,484,289,2 250,340,444,453,2 69,137,245,218,1 496,414,673,495,1 542,252,718,334,1 97,118,158,160,3 166,146,234,168,3 239,193,294,217,3 235,203,258,379,3 440,411,500,444,3 496,467,574,496,3 581,474,626,511,3 481,251,545,282,3 573,233,632,275,3 636,261,706,285,3
images/model161.jpg 1,51,131,142,1 507,163,639,254,1 214,99,346,190,1 103,186,203,247,2 376,144,476,205,2 43,125,102,211,3 202,172,277,245,3 342,139,382,171,3 476,167,517,203,3
images/model162.jpg 34,123,159,171,1 324,117,456,166,1 2,40,76,92,0 311,40,402,86,0 99,39,180,94,0 412,42,498,85,0 39,0,127,51,0 196,95,273,176,2 44,89,82,129,3 72,49,93,130,3 94,88,127,126,3 156,129,201,148,3 269,123,322,143,3 350,79,406,127,3 404,84,446,119,3
images/model163.jpg 323,101,427,199,2 529,196,633,294,2 383,362,487,459,2 239,38,352,89,0 640,81,746,132,0 568,412,681,462,0 720,396,827,448,0 692,304,805,354,0 710,353,819,404,0 681,260,794,311,0 360,11,473,62,0 628,25,754,82,0 74,482,178,534,0 65,436,171,487,0 34,267,141,318,0 15,220,128,271,0 4,177,117,227,0 1,130,108,180,0 150,160,258,224,1 556,342,665,406,1 205,424,313,488,1 495,81,604,145,1 253,162,328,196,3 106,137,154,210,3 113,181,154,216,3 126,202,156,234,3 137,202,158,288,3 168,440,211,475,3 178,466,208,501,3 308,424,386,458,3 488,385,566,416,3 615,394,628,418,3 663,296,691,369,3 663,338,700,372,3 665,358,712,401,3 664,357,722,441,3 585,292,638,355,3 552,135,599,199,3 601,68,632,107,3 602,95,642,126,3 427,119,505,156,3 298,83,370,106,3 362,61,430,105,3
images/model164.jpg 40,209,121,250,0 486,303,567,344,0 604,303,682,341,0 693,287,771,325,0 639,202,722,240,0 506,201,600,238,0 230,211,311,252,0 188,459,269,500,0 67,461,148,502,0 54,285,135,326,0 136,253,240,290,1 557,249,661,286,1 130,414,234,451,1 337,245,455,292,2 121,332,256,381,2 122,448,149,467,3 204,449,224,465,3 173,377,199,415,3 99,323,134,354,3 91,243,135,269,3 232,243,247,259,3 245,257,337,280,3 459,258,556,275,3 536,283,580,308,3 614,280,641,308,3 666,273,695,299,3 647,232,674,251,3 560,232,587,248,3
images/model165.jpg 9,36,47,57,0 363,154,401,175,0 424,156,462,177,0 278,43,316,64,0 406,37,444,58,0 66,34,104,55,0 184,82,273,145,2 20,80,122,134,1 336,84,438,138,1 27,54,52,84,3 81,54,88,83,3 118,103,189,118,3 246,57,284,98,3 269,102,341,117,3 389,135,400,159,3 425,135,444,158,3 421,57,431,87,3
images/model166.jpg 145,0,233,43,1 119,201,236,239,1 73,143,145,182,0 206,149,276,187,0 0,166,82,206,0 114,66,251,148,2 82,187,121,207,3 110,180,144,201,3 166,148,184,205,3 204,186,244,207,3 174,39,194,69,3
images/model167.jpg 82,166,174,198,1 255,250,347,282,1 255,73,347,106,1 96,236,160,299,2 269,152,334,216,2 1,91,81,119,0 175,318,255,347,0 264,320,344,349,0 347,320,427,349,0 342,185,422,214,0 342,152,422,180,0 169,88,249,116,0 88,89,168,117,0 348,1,428,29,0 261,1,341,28,0 175,1,255,29,0 54,117,118,171,3 119,117,135,170,3 137,117,197,171,3 123,198,140,239,3 158,253,258,275,3 235,282,284,324,3 296,282,312,323,3 316,280,364,323,3 296,213,318,254,3 331,185,345,203,3 332,163,344,184,3 296,102,317,152,3 219,26,288,75,3 297,24,307,77,3 318,26,383,75,3
images/model168.jpg 15,22,119,91,1 124,131,211,176,1 30,123,102,192,2 141,15,237,54,0 62,89,73,124,3 100,149,125,162,3 118,38,145,51,3
images/model169.jpg 0,118,124,185,1 520,119,644,186,1 219,119,343,186,1 119,219,222,281,2 381,121,484,182,2 59,181,121,260,3 222,184,286,256,3 342,128,380,160,3 482,129,520,159,3
images/model170.jpg 13,14,174,97,1 248,162,409,245,1 14,163,175,246,1 12,286,173,368,2 250,14,411,96,2 175,45,250,67,3 320,94,344,164,3 174,244,335,338,3 87,245,104,288,3
images/model171.jpg 136,96,280,166,0 495,96,643,166,0 314,24,458,94,0 77,265,254,359,1 510,263,705,357,1 290,213,482,410,2 251,294,293,321,3 478,295,510,321,3 433,159,542,263,3 371,88,402,216,3 232,156,345,263,3
images/model172.jpg 27,209,165,275,1 695,181,884,299,1 147,104,248,156,0 827,112,902,155,0 738,31,826,73,0 578,56,659,96,0 781,440,870,492,0 716,375,805,427,0 613,379,686,416,0 486,337,622,391,0 346,381,471,427,0 333,74,487,123,0 213,321,300,364,0 109,354,184,406,0 5,358,104,401,0 14,60,96,100,0 328,168,485,321,2 32,96,52,216,3 92,143,164,210,3 53,273,72,363,3 109,271,129,365,3 162,234,333,259,3 285,262,357,338,3 396,318,421,391,3 398,122,416,174,3 445,276,524,349,3 484,231,700,265,3 631,88,733,184,3 770,72,799,189,3 823,154,868,185,3 647,293,737,386,3 777,297,809,388,3 820,298,850,443,3
images/model173.jpg 125,66,264,113,1 125,342,264,388,1 505,342,644,388,1 535,72,674,118,1 18,87,117,122,0 24,44,108,79,0 62,0,146,32,0 154,0,241,32,0 260,2,324,37,0 494,14,578,44,0 606,11,699,44,0 694,38,770,72,0 696,81,753,115,0 665,301,733,330,0 128,416,239,448,0 669,381,739,416,0 1,395,127,430,0 10,351,121,386,0 29,290,94,325,0 51,141,132,176,0 367,63,470,119,2 324,330,424,400,2 134,183,246,260,2 132,28,159,70,3 189,31,205,68,3 242,30,273,69,3 104,65,128,79,3 115,99,128,111,3 117,112,153,148,3 179,111,204,185,3 266,82,369,103,3 470,84,536,107,3 542,44,569,76,3 639,42,650,74,3 676,63,701,79,3 674,90,698,104,3 188,257,203,347,3 83,320,131,348,3 116,360,129,369,3 112,387,152,408,3 184,388,200,416,3 265,356,328,377,3 425,357,506,376,3 639,325,682,348,3 646,381,673,396,3
images/model174.jpg 11,8,86,52,1 182,129,257,173,1 182,8,257,52,1 88,143,119,160,2 204,79,235,96,2 123,22,154,39,2 48,51,90,156,3 123,136,183,158,3 193,94,234,131,3 210,51,230,80,3 156,14,183,36,3 88,14,121,38,3
images/model175.jpg 2,1,56,32,2 219,75,300,124,2 39,65,105,106,2 109,10,205,71,2 42,28,102,56,1 222,141,297,165,1 34,128,109,155,1 237,30,282,53,1 56,13,77,30,3 27,30,44,48,3 101,36,110,46,3 69,55,75,69,3 68,105,77,128,3 206,36,236,47,3 256,54,264,75,3 254,123,265,142,3
images/model176.jpg 29,78,63,91,0 100,201,155,214,0 48,203,98,216,0 2,189,63,204,0 137,188,194,201,0 174,74,224,89,0 150,9,179,22,0 106,8,136,19,0 69,9,99,22,0 22,166,67,183,1 104,30,147,47,1 133,99,168,114,1 73,96,118,113,1 72,166,118,183,1 124,166,170,183,1 92,20,121,33,3 118,19,125,32,3 128,22,163,33,3 121,47,128,60,3 131,77,154,99,3 164,88,197,103,3 50,90,77,101,3 95,76,118,100,3 94,113,100,130,3 43,142,86,166,3 91,152,99,167,3 107,141,148,167,3 34,181,43,189,3 73,181,96,205,3 103,181,130,203,3 149,182,167,190,3
images/model177.jpg 38,152,103,192,0 533,52,598,89,0 32,52,96,89,0 301,152,366,192,0 294,307,359,347,0 168,326,233,366,0 56,303,121,343,0 154,232,247,292,1 386,42,479,102,1 154,41,247,101,1 156,145,244,197,2 283,39,352,103,2 98,64,156,80,3 242,58,285,77,3 348,57,386,76,3 478,60,534,80,3 187,98,206,146,3 101,166,157,178,3 244,162,302,181,3 187,196,210,235,3 89,259,156,303,3 196,290,204,329,3 243,258,327,309,3
images/model178.jpg 239,70,404,138,0 885,165,1023,229,0 726,0,791,46,0 32,206,208,281,0 427,152,578,263,2 124,264,284,352,1 737,81,857,162,1 160,247,199,288,3 278,238,429,288,3 367,108,461,190,3 196,330,222,370,3 579,136,746,200,3 762,41,795,101,3 808,139,950,183,3
images/model179.jpg 172,276,340,348,2 425,21,554,84,2 792,153,921,261,2 673,420,805,528,2 79,179,233,250,2 442,281,556,334,1 121,35,226,75,1 726,34,958,87,1 778,330,925,374,1 20,417,140,470,1 231,204,498,281,3 333,296,440,326,3 62,304,176,419,3 69,469,754,586,3 720,342,774,423,3 846,255,868,336,3 844,83,868,155,3 144,72,168,181,3 222,39,427,72,3 553,41,729,67,3
images/model180.jpg 91,104,232,188,1 140,368,283,445,1 533,252,675,334,1 449,0,592,70,1 301,50,394,114,2 345,329,439,385,2 514,129,621,203,2 1,131,60,172,0 20,210,84,247,0 69,423,125,446,0 272,432,336,447,0 500,371,560,412,0 582,342,663,388,0 670,315,750,358,0 693,259,768,302,0 676,219,769,265,0 644,176,723,218,0 634,24,694,63,0 593,0,667,13,0 227,94,305,129,3 59,141,89,153,3 67,181,113,213,3 121,427,146,442,3 257,419,281,442,3 280,374,346,395,3 437,311,539,344,3 547,327,572,375,3 605,310,625,350,3 649,298,682,334,3 675,283,697,294,3 667,252,679,265,3 638,217,663,261,3 576,199,608,274,3 526,49,569,133,3 592,24,643,45,3 586,2,592,14,3 394,48,454,73,3
images/model181.jpg 12,105,95,148,1 363,107,446,150,1 186,13,270,56,1 185,99,277,157,2 96,119,185,166,3 274,124,364,165,3 225,56,275,101,3
images/model182.jpg 30,66,167,148,2 40,200,158,239,1 54,1,141,38,1 1,143,72,182,0 193,173,281,212,0 132,144,205,182,0 35,180,72,201,3 91,145,111,201,3 92,36,109,66,3 131,181,168,199,3 154,192,193,205,3
images/model183.jpg 4,73,122,148,2 347,301,469,374,2 531,200,655,276,2 171,204,290,279,2 353,72,470,145,2 171,73,290,148,2 184,296,285,332,0 9,219,118,261,1 352,405,469,462,1 353,222,463,264,1 356,3,465,45,1 41,146,79,219,3 118,236,171,262,3 226,277,237,298,3 291,233,355,260,3 58,7,355,77,3 236,42,361,79,3 405,41,422,77,3 404,140,430,219,3 434,189,598,225,3 434,262,596,299,3 396,263,420,302,3 388,374,421,411,3 234,146,363,227,3
images/model184.jpg 12,122,98,173,0 1,245,88,296,0 388,303,477,356,0 318,3,409,57,0 334,387,429,440,0 226,402,334,454,0 160,264,264,337,2 312,181,401,252,2 153,83,247,154,2 101,187,181,243,1 281,298,361,354,1 267,91,353,152,1 81,167,110,190,3 73,238,103,257,3 163,237,200,280,3 254,295,284,322,3 153,141,188,194,3 320,53,351,98,3 245,100,270,123,3 319,147,352,195,3 324,245,354,307,3 362,317,393,341,3 338,350,369,393,3 288,352,319,407,3
images/model185.jpg 0,0,125,37,0 456,2,531,39,0 276,2,426,39,0 162,0,253,37,0 18,88,102,129,1 381,84,468,125,1 178,63,314,147,2 56,36,69,91,3 104,36,208,88,3 105,95,184,114,3 311,92,383,115,3 347,38,401,86,3 439,36,480,84,3
images/model186.jpg 0,20,117,72,1 344,20,463,70,1 173,0,293,93,2 171,129,293,174,0 115,36,174,55,3 225,91,241,130,3 287,39,344,55,3
images/model187.jpg 17,306,164,382,0 141,257,288,333,0 303,256,450,332,0 583,260,751,333,0 782,258,929,334,0 389,514,536,590,0 17,398,164,474,0 782,357,929,433,0 194,397,324,451,1 603,384,733,438,1 390,375,538,450,2 159,347,199,398,3 159,415,196,438,3 225,330,244,403,3 284,315,318,402,3 322,384,394,420,3 534,383,601,425,3 456,448,477,516,3 628,329,652,388,3 710,314,798,382,3 730,386,784,416,3
images/model188.jpg 40,212,120,244,0 186,462,270,494,0 66,458,147,499,0 692,294,772,326,0 599,309,685,341,0 485,309,569,344,0 58,288,138,320,0 641,208,721,240,0 503,203,598,238,0 234,215,314,247,0 113,334,259,378,2 336,246,462,290,2 133,415,231,447,1 560,251,660,286,1 136,252,234,284,1 106,280,147,296,3 94,241,138,266,3 175,281,191,334,3 180,377,192,415,3 122,445,152,467,3 199,445,223,464,3 235,260,338,279,3 231,240,246,256,3 461,258,562,275,3 531,281,584,313,3 612,280,644,311,3 660,277,717,299,3 634,237,671,253,3 565,235,592,252,3
images/model189.jpg 7,28,97,79,1 181,121,271,172,1 359,28,449,79,1 184,19,278,83,2 99,13,184,65,3 217,78,277,123,3 276,13,358,65,3
images/model190.jpg 28,75,135,124,0 529,33,636,81,0 674,156,785,200,0 675,112,783,155,0 679,61,786,105,0 677,17,786,60,0 669,389,797,439,0 668,341,775,389,0 408,468,526,519,0 285,470,399,518,0 28,436,141,484,0 34,385,141,433,0 34,343,142,389,0 37,295,144,343,0 29,121,136,169,0 352,73,458,172,2 530,202,636,301,2 350,341,457,439,2 169,98,276,141,1 529,365,636,409,1 532,100,639,143,1 173,365,280,409,1 133,95,170,125,3 133,116,172,146,3 273,100,351,131,3 144,311,173,395,3 144,358,173,395,3 142,387,173,418,3 142,385,172,466,3 278,364,352,400,3 340,438,408,469,3 400,439,472,471,3 447,362,532,399,3 636,359,668,391,3 637,380,668,422,3 574,300,621,366,3 577,143,622,207,3 454,100,532,131,3 581,79,590,102,3 638,36,677,127,3 637,80,678,123,3 639,110,675,144,3 637,113,674,185,3
images/model191.jpg 19,19,128,63,0 518,289,627,333,0 393,290,505,334,0 141,289,253,333,0 0,290,107,334,0 141,19,253,63,0 64,171,150,207,1 468,163,554,199,1 261,145,378,225,2 63,58,96,175,3 117,63,198,176,3 46,207,92,291,3 124,206,203,290,3 148,180,262,200,3 377,176,468,199,3 454,199,497,291,3 526,197,572,289,3
images/model192.jpg 19,32,154,80,1 427,30,576,90,1 244,23,359,88,2 0,105,75,150,0 471,124,590,193,0 338,123,449,171,0 123,116,224,164,0 28,81,45,109,3 124,82,157,119,3 154,33,249,70,3 354,26,431,72,3 396,80,431,126,3 507,86,526,132,3
images/model193.jpg 8,8,62,39,0 221,7,277,42,0 127,6,182,41,0 22,55,96,97,1 212,128,286,170,1 121,126,194,168,1 137,56,210,98,1 48,37,64,54,3 97,68,137,85,3 151,96,179,127,3 196,134,215,159,3 210,78,270,130,3 210,38,240,65,3 150,39,156,56,3
images/model194.jpg 1215,354,2706,889,0 1214,353,2705,888,0 4696,1758,6017,2232,0 3204,1753,4550,2232,0 1428,1763,2776,2234,0 1,1751,1323,2233,0 3308,382,4667,882,0 2301,1,3675,494,0 922,1046,1835,1522,1 4170,1057,5082,1533,1 2320,958,3674,1638,2 921,1509,1241,1816,3 1546,1525,1882,1816,3 1822,1073,2353,1356,3 2514,769,2846,1084,3 2949,445,3068,988,3 3214,784,3537,1107,3 3669,1088,4193,1352,3 4158,1504,4501,1816,3 4801,1516,5128,1799,3
images/model195.jpg 51,29,153,98,0 547,130,649,199,0 367,136,469,205,0 51,103,153,175,0 169,56,298,111,1 530,57,659,113,1 348,39,483,126,2 155,58,171,75,3 144,106,174,123,3 298,76,350,93,3 412,125,419,138,3 479,77,531,94,3 594,109,604,133,3
images/model196.jpg 6,45,77,91,0 414,43,498,83,0 41,5,126,46,0 101,42,179,91,0 312,44,399,81,0 36,127,157,167,1 327,121,454,161,1 197,97,275,174,2 41,90,81,127,3 78,48,91,126,3 88,88,126,126,3 155,132,200,146,3 275,124,326,141,3 354,80,402,123,3 404,82,445,125,3
images/model197.jpg 23,35,150,78,1 430,35,577,86,1 246,26,357,88,2 1,113,72,147,0 471,129,588,191,0 341,127,450,170,0 125,121,220,155,0 30,75,45,112,3 126,77,161,125,3 150,33,249,68,3 359,33,432,67,3 392,82,435,131,3 509,83,526,131,3
images/model198.jpg 29,52,116,78,1 182,132,272,162,1 338,50,427,80,1 5,88,68,127,0 387,2,476,41,0 266,183,355,235,0 122,170,211,221,0 163,39,297,91,2 304,111,452,185,2 40,77,56,89,3 115,46,163,67,3 297,47,340,71,3 412,40,428,53,3 370,78,395,112,3 272,132,305,153,3 327,171,353,187,3 171,162,209,175,3
images/model199.jpg 12,9,124,39,0 424,9,504,40,0 275,8,403,39,0 152,50,264,82,0 127,10,220,41,0 10,52,103,83,0 83,92,179,124,1 365,90,438,123,1 238,53,343,160,2 86,79,126,91,3 100,37,131,93,3 129,38,159,95,3 130,79,176,92,3 178,100,238,113,3 343,97,365,113,3 372,37,403,93,3 403,34,435,91,3
